OEM <- c(4130:4700,10810:10920,14160:14260,15430:15650,36250:36740,37690:38100,60890:61040,64390:64520,65950:66050,
         67860:67960,68850:69100,80830:81000,134630:134690,81610:81950,83020:83180,84480:84630,87375:87460,
         88950:89150,90230:90430,90680:90780,95950:96050,104410:104580,111770:111850,113170:113250,116100:116380,
         123100:123290,131820:131980)